%YAML:1.0
---
K: !!opencv-matrix
   rows: 3
   cols: 3
   dt: d
   data: [ 6.7229010863834378e+02, 0., 1.8194074315932900e+02, 0.,
       6.7170372145740441e+02, 3.2317447516212144e+02, 0., 0., 1. ]
D: !!opencv-matrix
   rows: 1
   cols: 5
   dt: d
   data: [ 8.9219650516147581e-02, 4.0254200582608218e-01,
       7.6505535900245076e-03, 4.9501352285341946e-03,
       -1.9329139211480140e+00 ]
