%YAML:1.0
---
K: !!opencv-matrix
   rows: 3
   cols: 3
   dt: d
   data: [ 6.8282159299503655e+02, 0., 1.8582960490737761e+02, 0.,
       6.8237516934938219e+02, 3.3716383438500947e+02, 0., 0., 1. ]
D: !!opencv-matrix
   rows: 1
   cols: 5
   dt: d
   data: [ 1.1795726689658897e-02, 1.1942474174997200e+00,
       9.5017312024493570e-03, 2.9612962746671198e-03,
       -4.6204226548232556e+00 ]
