%YAML:1.0
---
K1: !!opencv-matrix
   rows: 3
   cols: 3
   dt: d
   data: [ 6.6464049788595059e+02, 0., 1.8323463783162671e+02, 0.,
       6.6892093883314692e+02, 3.2880551175967139e+02, 0., 0., 1. ]
D1: !!opencv-matrix
   rows: 1
   cols: 5
   dt: d
   data: [ 1.3110790656553548e-01, 4.9106568826437308e-01,
       1.7055851687690183e-02, 3.2785530800582881e-03,
       -1.1158951285045506e+00 ]
K2: !!opencv-matrix
   rows: 3
   cols: 3
   dt: d
   data: [ 6.6464049788595059e+02, 0., 1.8531985713042167e+02, 0.,
       6.6892093883314692e+02, 3.3321951191480122e+02, 0., 0., 1. ]
D2: !!opencv-matrix
   rows: 1
   cols: 5
   dt: d
   data: [ 4.3516595951632986e-02, 1.5844230847361898e+00,
       5.2280942839965537e-03, 1.5191750509578501e-03,
       -4.2057096398832359e+00 ]
R: !!opencv-matrix
   rows: 3
   cols: 3
   dt: d
   data: [ 9.9995722461766212e-01, 8.8884404309964816e-04,
       9.2064592113047482e-03, -1.3688933215697456e-03,
       9.9863213671957840e-01, 5.2268361768505960e-02,
       -9.1474076118063935e-03, -5.2278728629876793e-02,
       9.9859063658078995e-01 ]
T: !!opencv-matrix
   rows: 3
   cols: 1
   dt: d
   data: [ -7.2948660449564695e-01, 1.9342785454691310e-02,
       -1.1707523432558126e-01 ]
E: !!opencv-matrix
   rows: 3
   cols: 3
   dt: d
   data: [ -3.3719984929128253e-04, 1.1590387517976880e-01,
       2.5434855142307929e-02, -1.2374313770634497e-01,
       -3.8240693860182973e-02, 7.2738064439099459e-01,
       -1.8343368718579323e-02, -7.2850595927542638e-01,
       -3.8307148314379133e-02 ]
F: !!opencv-matrix
   rows: 3
   cols: 3
   dt: d
   data: [ 1.3856880737037796e-08, -4.7324722212837390e-06,
       8.5882888541669023e-04, 5.0525572234877716e-06,
       1.5514146570359563e-06, -2.1175531243834821e-02,
       -1.1851713654029885e-03, 2.0130212232296683e-02, 1. ]
R1: !!opencv-matrix
   rows: 3
   cols: 3
   dt: d
   data: [ 9.8557143395148994e-01, -3.3539871769094440e-02,
       1.6590366355363165e-01, 2.9581874798039337e-02,
       9.9921705035772657e-01, 2.6271637897886748e-02,
       -1.6665491670585966e-01, -2.0984834431494973e-02,
       9.8579195343725834e-01 ]
R2: !!opencv-matrix
   rows: 3
   cols: 3
   dt: d
   data: [ 9.8702684935286555e-01, -2.6171623258595893e-02,
       1.5840784321669682e-01, 3.0710626307729701e-02,
       9.9918293908841838e-01, -2.6273782872225582e-02,
       -1.5759078681300645e-01, 3.0797733206195513e-02,
       9.8702413523733934e-01 ]
P1: !!opencv-matrix
   rows: 3
   cols: 4
   dt: d
   data: [ 6.6892093883314692e+02, 0., 1.0199963665008545e+02, 0., 0.,
       6.6892093883314692e+02, 2.8738489368557930e+02, 0., 0., 0., 1.,
       0. ]
P2: !!opencv-matrix
   rows: 3
   cols: 4
   dt: d
   data: [ 6.6892093883314692e+02, 0., 1.0199963665008545e+02,
       -4.9438256382322794e+02, 0., 6.6892093883314692e+02,
       2.8738489368557930e+02, 0., 0., 0., 1., 0. ]
Q: !!opencv-matrix
   rows: 4
   cols: 4
   dt: d
   data: [ 1., 0., 0., -1.0199963665008545e+02, 0., 1., 0.,
       -2.8738489368557930e+02, 0., 0., 0., 6.6892093883314692e+02, 0.,
       0., 1.3530431446856754e+00, 0. ]
